R,1,1,1,21000
R,1,1,2,21210
R,1,1,3,25210
R,1,1,4,26210
R,1,2,1,21000
R,1,2,2,21210
R,1,2,3,25210
R,1,2,4,26210
R,1,3,1,21000
R,1,3,2,21210
R,1,3,3,25210
R,1,3,4,26210
R,1,4,1,21000
R,1,4,2,21210
R,1,4,3,25210
R,1,4,4,26210
R,2,1,1,21000
R,2,1,2,21210
R,2,1,3,25210
R,2,1,4,26210
R,2,2,1,21000
R,2,2,2,21210
R,2,2,3,25210
R,2,2,4,26210
R,2,3,1,21000
R,2,3,2,21210
R,2,3,3,25210
R,2,3,4,26210
R,2,4,1,21000
R,2,4,2,21210
R,2,4,3,25210
R,2,4,4,26210
R,3,1,1,21000
R,3,1,2,21210
R,3,1,3,25210
R,3,1,4,26210
R,3,2,1,21000
R,3,2,2,21210
R,3,2,3,25210
R,3,2,4,26210
R,3,3,1,21000
R,3,3,2,21210
R,3,3,3,25210
R,3,3,4,26210
R,3,4,1,21000
R,3,4,2,21210
R,3,4,3,25210
R,3,4,4,26210
R,4,1,1,21000
R,4,1,2,21210
R,4,1,3,25210
R,4,1,4,26210
R,4,2,1,21000
R,4,2,2,21210
R,4,2,3,25210
R,4,2,4,26210
R,4,3,1,21000
R,4,3,2,21210
R,4,3,3,25210
R,4,3,4,26210
R,4,4,1,21000
R,4,4,2,21210
R,4,4,3,25210
R,4,4,4,26210
R,5,1,1,21000
R,5,1,2,21210
R,5,1,3,25210
R,5,1,4,26210
R,5,2,1,21000
R,5,2,2,21210
R,5,2,3,25210
R,5,2,4,26210
R,5,3,1,21000
R,5,3,2,21210
R,5,3,3,25210
R,5,3,4,26210
R,5,4,1,21000
R,5,4,2,21210
R,5,4,3,25210
R,5,4,4,26210
A,1,January
A,2,February
A,3,March
A,4,May
A,5,June
B,1,televisions
B,2,lamps
B,3,engines
B,4,cables
C,1,Ksanthi
C,2,Athens
C,3,Drama
C,4,Thessaloniki
